6 0.7333984375 0.35546875 0.2890625 0.1171875
6 0.3701171875 0.4208984375 0.3515625 0.234375
6 0.7216796875 0.52734375 0.12109375 0.10546875
6 0.8388671875 0.9345703125 0.197265625 0.12109375
6 0.439453125 0.7041015625 0.34375 0.177734375
6 0.6220703125 0.8828125 0.2109375 0.232421875
6 0.7509765625 0.744140625 0.328125 0.16015625
6 0.5810546875 0.48046875 0.171875 0.1953125
6 0.5654296875 0.6328125 0.2578125 0.140625
6 0.3525390625 0.8994140625 0.33203125 0.201171875
6 0.203125 0.3349609375 0.40625 0.208984375
6 0.9140625 0.478515625 0.171875 0.17578125