8 0.328125 0.3037109375 0.12109375 0.09375
8 0.53125 0.470703125 0.13671875 0.044921875
8 0.6962890625 0.5029296875 0.14453125 0.080078125
8 0.7744140625 0.2646484375 0.072265625 0.060546875
8 0.1953125 0.28515625 0.0859375 0.03515625
8 0.1953125 0.4384765625 0.16796875 0.0546875
8 0.25390625 0.3896484375 0.125 0.037109375
8 0.1611328125 0.3759765625 0.109375 0.05078125
8 0.142578125 0.322265625 0.09765625 0.0546875
8 0.453125 0.419921875 0.140625 0.07421875
8 0.55859375 0.435546875 0.099609375 0.03515625
8 0.6640625 0.337890625 0.060546875 0.05078125
8 0.6826171875 0.22265625 0.06640625 0.03125
8 0.8349609375 0.22265625 0.07421875 0.04296875
8 0.8310546875 0.26953125 0.0625 0.064453125
8 0.7099609375 0.2666015625 0.072265625 0.05859375
8 0.7431640625 0.2060546875 0.115234375 0.0390625
8 0.4931640625 0.298828125 0.076171875 0.037109375
8 0.4306640625 0.2275390625 0.109375 0.046875
8 0.6337890625 0.376953125 0.12109375 0.052734375
8 0.6787109375 0.423828125 0.1171875 0.052734375
8 0.6533203125 0.138671875 0.05859375 0.048828125
8 0.2275390625 0.2607421875 0.05859375 0.041015625
8 0.6171875 0.4140625 0.064453125 0.029296875
8 0.6171875 0.74609375 0.16015625 0.0546875
8 0.44921875 0.7734375 0.12890625 0.09765625