8 0.697265625 0.2529296875 0.21875 0.162109375
8 0.791015625 0.3984375 0.22265625 0.12109375
8 0.7412109375 0.64453125 0.1875 0.11328125
8 0.82421875 0.5634765625 0.1484375 0.12109375
8 0.31640625 0.7998046875 0.21875 0.12109375
8 0.4013671875 0.677734375 0.24609375 0.15234375
8 0.3740234375 0.4580078125 0.162109375 0.126953125
8 0.400390625 0.58203125 0.10546875 0.10546875
8 0.259765625 0.275390625 0.42578125 0.203125
8 0.1103515625 0.6455078125 0.21875 0.123046875
8 0.67578125 0.458984375 0.18359375 0.087890625
8 0.5166015625 0.4658203125 0.09765625 0.08203125
8 0.5400390625 0.6962890625 0.08203125 0.07421875
8 0.4599609375 0.775390625 0.095703125 0.08984375