6 0.6201171875 0.6474609375 0.13671875 0.123046875
6 0.7685546875 0.83984375 0.240234375 0.296875
6 0.6767578125 0.1845703125 0.21875 0.3515625
6 0.5009765625 0.431640625 0.09375 0.16796875
6 0.5869140625 0.4287109375 0.1171875 0.1171875
6 0.5361328125 0.67578125 0.09375 0.150390625
1 0.37109375 0.7744140625 0.228515625 0.248046875
1 0.73046875 0.4697265625 0.078125 0.09765625
1 0.779296875 0.5732421875 0.080078125 0.1015625
1 0.8095703125 0.4345703125 0.078125 0.078125
6 0.853515625 0.5751953125 0.07421875 0.07421875
6 0.8193359375 0.171875 0.193359375 0.287109375
6 0.40234375 0.322265625 0.1640625 0.38671875
6 0.9248046875 0.5439453125 0.0625 0.08203125