8 0.8544921875 0.494140625 0.087890625 0.08984375
8 0.68359375 0.4765625 0.08203125 0.07421875
8 0.6201171875 0.466796875 0.03515625 0.08984375
8 0.255859375 0.4990234375 0.04296875 0.11328125
8 0.330078125 0.5 0.05859375 0.0859375
8 0.4189453125 0.53515625 0.0703125 0.0703125
8 0.47265625 0.4111328125 0.05078125 0.09765625
8 0.5419921875 0.474609375 0.064453125 0.0625
8 0.2783203125 0.310546875 0.115234375 0.1796875
8 0.2890625 0.12109375 0.259765625 0.23828125
8 0.3251953125 0.765625 0.1015625 0.125
8 0.1318359375 0.6875 0.26171875 0.236328125
8 0.6630859375 0.208984375 0.29296875 0.19921875
8 0.7255859375 0.361328125 0.1796875 0.171875
8 0.845703125 0.7119140625 0.1484375 0.23828125
8 0.7421875 0.69140625 0.109375 0.28125
8 0.42578125 0.78515625 0.18359375 0.330078125
8 0.5703125 0.6591796875 0.142578125 0.26171875
8 0.802734375 0.6025390625 0.05859375 0.111328125
8 0.76171875 0.4775390625 0.06640625 0.0703125
8 0.4833984375 0.7041015625 0.1484375 0.203125
8 0.208984375 0.3779296875 0.06640625 0.125
8 0.4580078125 0.1484375 0.05078125 0.068359375
8 0.427734375 0.0625 0.09765625 0.09375
8 0.5185546875 0.1611328125 0.0703125 0.115234375
8 0.634765625 0.0966796875 0.212890625 0.19140625
8 0.640625 0.5810546875 0.05078125 0.12109375