8 0.40234375 0.38671875 0.25 0.171875
8 0.337890625 0.5478515625 0.30078125 0.169921875
8 0.1513671875 0.224609375 0.216796875 0.13671875
8 0.19140625 0.4287109375 0.162109375 0.203125
8 0.8642578125 0.6767578125 0.14453125 0.212890625
8 0.4443359375 0.205078125 0.3203125 0.15625
8 0.13671875 0.8291015625 0.2734375 0.201171875
8 0.4296875 0.7998046875 0.22265625 0.20703125
8 0.8251953125 0.412109375 0.220703125 0.109375
8 0.2119140625 0.6494140625 0.2578125 0.15234375
8 0.658203125 0.638671875 0.212890625 0.177734375