6 0.25 0.5107421875 0.130859375 0.0703125
6 0.30078125 0.6748046875 0.19140625 0.140625
6 0.7822265625 0.7783203125 0.23046875 0.140625
6 0.5302734375 0.6220703125 0.43359375 0.1484375
6 0.4931640625 0.40234375 0.431640625 0.255859375
6 0.40625 0.283203125 0.21484375 0.28125
6 0.6806640625 0.2275390625 0.28125 0.115234375
6 0.8115234375 0.619140625 0.28515625 0.142578125
6 0.8134765625 0.55078125 0.169921875 0.25
6 0.8056640625 0.2890625 0.23046875 0.08984375
6 0.9248046875 0.3486328125 0.150390625 0.091796875
6 0.59765625 0.0703125 0.1875 0.083984375
6 0.2216796875 0.955078125 0.314453125 0.08984375
6 0.0498046875 0.5634765625 0.09765625 0.08203125
6 0.5556640625 0.5390625 0.109375 0.0859375
6 0.919921875 0.0380859375 0.16015625 0.076171875