8 0.5537109375 0.8505859375 0.18359375 0.298828125
8 0.8759765625 0.4521484375 0.22265625 0.2734375
8 0.658203125 0.40234375 0.109375 0.162109375
8 0.7236328125 0.4462890625 0.138671875 0.16015625
8 0.3271484375 0.169921875 0.28125 0.296875
8 0.5419921875 0.2568359375 0.236328125 0.2109375
8 0.3310546875 0.5439453125 0.12109375 0.205078125
8 0.140625 0.591796875 0.181640625 0.28125
8 0.2021484375 0.2880859375 0.26953125 0.18359375
8 0.5166015625 0.5283203125 0.189453125 0.169921875
8 0.7080078125 0.779296875 0.12890625 0.392578125