6 0.14453125 0.373046875 0.2890625 0.484375
6 0.7177734375 0.6005859375 0.103515625 0.078125
6 0.56640625 0.40625 0.1328125 0.25
6 0.5634765625 0.7607421875 0.16015625 0.23828125
6 0.4755859375 0.6982421875 0.19140625 0.36328125
6 0.359375 0.4501953125 0.22265625 0.55859375
6 0.6669921875 0.7451171875 0.078125 0.1171875
6 0.484375 0.498046875 0.10546875 0.09765625
6 0.6474609375 0.2998046875 0.130859375 0.154296875
6 0.53515625 0.2421875 0.12890625 0.10546875
6 0.53125 0.08984375 0.109375 0.1796875
6 0.732421875 0.4169921875 0.181640625 0.12109375
6 0.1708984375 0.07421875 0.1015625 0.078125