8 0.7919921875 0.8955078125 0.099609375 0.20703125
8 0.6533203125 0.888671875 0.103515625 0.22265625
8 0.6474609375 0.6484375 0.076171875 0.16796875
8 0.525390625 0.1513671875 0.10546875 0.302734375
8 0.5595703125 0.3583984375 0.103515625 0.111328125
8 0.3486328125 0.75390625 0.119140625 0.09375
8 0.505859375 0.703125 0.072265625 0.12109375
8 0.5546875 0.548828125 0.08984375 0.095703125
8 0.4052734375 0.8935546875 0.166015625 0.134765625
8 0.3837890625 0.48828125 0.162109375 0.09765625
8 0.72265625 0.541015625 0.12890625 0.333984375
1 0.908203125 0.16796875 0.125 0.10546875
8 0.4140625 0.6123046875 0.130859375 0.09375
8 0.4345703125 0.341796875 0.146484375 0.09375
8 0.4619140625 0.4287109375 0.076171875 0.064453125