8 0.759765625 0.388671875 0.1640625 0.064453125
8 0.50390625 0.57421875 0.1328125 0.0859375
8 0.8623046875 0.1591796875 0.275390625 0.099609375
8 0.724609375 0.12109375 0.0859375 0.12890625
8 0.576171875 0.2001953125 0.0703125 0.09375
8 0.48046875 0.7958984375 0.201171875 0.1171875
8 0.849609375 0.919921875 0.28125 0.134765625
8 0.6787109375 0.794921875 0.080078125 0.0625
8 0.806640625 0.7666015625 0.208984375 0.0859375
8 0.6630859375 0.693359375 0.08203125 0.078125
8 0.6318359375 0.646484375 0.10546875 0.107421875
8 0.859375 0.564453125 0.28125 0.103515625
8 0.7763671875 0.275390625 0.2578125 0.099609375
8 0.3994140625 0.1396484375 0.2734375 0.12890625
8 0.2060546875 0.724609375 0.09375 0.05078125