8 0.701171875 0.55859375 0.150390625 0.1640625
8 0.73828125 0.7529296875 0.0859375 0.125
8 0.8916015625 0.59375 0.203125 0.099609375
8 0.0615234375 0.8330078125 0.123046875 0.134765625
8 0.419921875 0.8818359375 0.12890625 0.08984375
8 0.3232421875 0.60546875 0.146484375 0.126953125
8 0.1806640625 0.6728515625 0.0859375 0.1015625
8 0.1796875 0.8017578125 0.0546875 0.09765625
8 0.2724609375 0.8154296875 0.060546875 0.09375
8 0.291015625 0.6796875 0.05859375 0.083984375
8 0.5751953125 0.57421875 0.16015625 0.20703125
8 0.5078125 0.7421875 0.078125 0.05859375
8 0.248046875 0.873046875 0.1484375 0.111328125
1 0.46484375 0.208984375 0.185546875 0.240234375
8 0.390625 0.689453125 0.0859375 0.083984375
8 0.40625 0.798828125 0.05078125 0.068359375
8 0.474609375 0.80078125 0.080078125 0.05859375
8 0.4697265625 0.6484375 0.1015625 0.103515625
1 0.263671875 0.3203125 0.126953125 0.109375
1 0.33984375 0.20703125 0.0859375 0.08984375