8 0.0537109375 0.556640625 0.10546875 0.12109375
8 0.4072265625 0.267578125 0.10546875 0.07421875
8 0.6083984375 0.69921875 0.09765625 0.09375
8 0.6845703125 0.798828125 0.125 0.091796875
8 0.5234375 0.79296875 0.17578125 0.09375
8 0.2939453125 0.150390625 0.23828125 0.109375
8 0.1279296875 0.318359375 0.12890625 0.2421875
8 0.3779296875 0.603515625 0.16015625 0.140625
8 0.2900390625 0.421875 0.1015625 0.22265625
8 0.3740234375 0.41796875 0.0546875 0.078125
8 0.78125 0.68359375 0.24609375 0.22265625