0 0.78515625 0.771484375 0.212890625 0.2421875
0 0.2705078125 0.4306640625 0.1875 0.3515625
0 0.419921875 0.1591796875 0.20703125 0.27734375
0 0.46484375 0.3486328125 0.1015625 0.130859375
1 0.7880859375 0.419921875 0.150390625 0.13671875
0 0.671875 0.2548828125 0.1484375 0.224609375
1 0.0625 0.537109375 0.12109375 0.052734375
0 0.7431640625 0.072265625 0.111328125 0.14453125
1 0.9150390625 0.296875 0.1171875 0.07421875
0 0.599609375 0.494140625 0.197265625 0.23046875
0 0.791015625 0.5830078125 0.19921875 0.1484375
0 0.7890625 0.5830078125 0.201171875 0.1484375