0 0.2548828125 0.09375 0.21875 0.1875
0 0.474609375 0.0380859375 0.1484375 0.076171875
0 0.6435546875 0.23046875 0.150390625 0.203125
0 0.1484375 0.72265625 0.279296875 0.283203125
0 0.41015625 0.53125 0.130859375 0.10546875
1 0.3681640625 0.935546875 0.169921875 0.12890625
1 0.732421875 0.63671875 0.109375 0.162109375
1 0.8330078125 0.61328125 0.08984375 0.126953125
0 0.46484375 0.1533203125 0.134765625 0.109375
0 0.3740234375 0.1318359375 0.2109375 0.19140625
0 0.7177734375 0.302734375 0.126953125 0.125
1 0.8828125 0.677734375 0.08984375 0.099609375
0 0.630859375 0.755859375 0.201171875 0.12890625
0 0.587890625 0.365234375 0.177734375 0.0625
1 0.361328125 0.4560546875 0.14453125 0.08203125
0 0.294921875 0.705078125 0.259765625 0.279296875
0 0.859375 0.9619140625 0.14453125 0.076171875