8 0.4228515625 0.3779296875 0.083984375 0.0703125
8 0.7763671875 0.4482421875 0.1015625 0.091796875
8 0.6103515625 0.1953125 0.146484375 0.078125
8 0.2587890625 0.7099609375 0.1015625 0.19921875
8 0.4638671875 0.87890625 0.08984375 0.177734375
8 0.67578125 0.83984375 0.19921875 0.169921875
8 0.642578125 0.4140625 0.13671875 0.140625
8 0.34375 0.306640625 0.109375 0.19921875
8 0.4453125 0.7236328125 0.06640625 0.04296875
8 0.59375 0.7236328125 0.07421875 0.111328125
8 0.6728515625 0.6181640625 0.064453125 0.05078125
8 0.1796875 0.451171875 0.048828125 0.083984375
8 0.478515625 0.140625 0.0546875 0.052734375
8 0.1015625 0.5859375 0.05078125 0.07421875
8 0.3720703125 0.6455078125 0.0546875 0.083984375
8 0.8984375 0.5087890625 0.08203125 0.060546875
8 0.8525390625 0.7431640625 0.076171875 0.134765625
8 0.2626953125 0.396484375 0.05859375 0.052734375
8 0.501953125 0.109375 0.06640625 0.056640625
8 0.6640625 0.4912109375 0.07421875 0.05859375
8 0.759765625 0.5322265625 0.05078125 0.060546875