1 0.47265625 0.3828125 0.185546875 0.0859375
1 0.771484375 0.517578125 0.130859375 0.0625
1 0.8046875 0.7705078125 0.25 0.1015625
1 0.6806640625 0.66796875 0.1640625 0.1015625
1 0.90234375 0.869140625 0.103515625 0.12890625
1 0.8388671875 0.927734375 0.125 0.08203125
1 0.8955078125 0.6318359375 0.150390625 0.064453125
1 0.5625 0.685546875 0.078125 0.056640625
1 0.453125 0.78515625 0.12109375 0.107421875
1 0.5048828125 0.6025390625 0.150390625 0.12109375
1 0.2861328125 0.720703125 0.099609375 0.099609375
1 0.3515625 0.5693359375 0.078125 0.09765625
1 0.0859375 0.5390625 0.126953125 0.076171875
1 0.2841796875 0.8369140625 0.08984375 0.056640625
1 0.58984375 0.7978515625 0.12109375 0.09375
1 0.6845703125 0.576171875 0.068359375 0.0703125
1 0.5791015625 0.470703125 0.052734375 0.052734375
1 0.46875 0.5361328125 0.052734375 0.0625
1 0.4755859375 0.46875 0.060546875 0.0625
1 0.6875 0.443359375 0.12890625 0.05078125
1 0.912109375 0.4345703125 0.115234375 0.07421875
1 0.9580078125 0.384765625 0.083984375 0.08984375
1 0.6611328125 0.396484375 0.109375 0.048828125
1 0.341796875 0.462890625 0.0859375 0.083984375
1 0.345703125 0.369140625 0.07421875 0.06640625
1 0.75 0.3232421875 0.083984375 0.078125
1 0.8662109375 0.3671875 0.123046875 0.06640625
1 0.6484375 0.4873046875 0.1015625 0.044921875
1 0.19921875 0.2421875 0.142578125 0.125
1 0.2021484375 0.12890625 0.119140625 0.1328125
1 0.345703125 0.298828125 0.06640625 0.06640625
1 0.5361328125 0.2578125 0.07421875 0.068359375
1 0.5234375 0.1630859375 0.0625 0.068359375
1 0.837890625 0.2197265625 0.232421875 0.09765625
1 0.4072265625 0.2314453125 0.083984375 0.037109375
1 0.33203125 0.126953125 0.107421875 0.123046875
1 0.525390625 0.080078125 0.25390625 0.08984375
1 0.8779296875 0.1337890625 0.240234375 0.0859375