1 0.123046875 0.6484375 0.2421875 0.111328125
1 0.2275390625 0.455078125 0.146484375 0.169921875
1 0.08203125 0.837890625 0.1640625 0.125
1 0.21875 0.8798828125 0.119140625 0.10546875
1 0.328125 0.8466796875 0.123046875 0.06640625
1 0.22265625 0.802734375 0.125 0.044921875
1 0.6962890625 0.888671875 0.1796875 0.11328125
1 0.6767578125 0.80859375 0.146484375 0.07421875
1 0.8037109375 0.6953125 0.1875 0.072265625
1 0.5 0.693359375 0.189453125 0.15625
1 0.38671875 0.7998046875 0.125 0.05859375
1 0.09375 0.7744140625 0.115234375 0.06640625
1 0.3212890625 0.634765625 0.125 0.08203125
1 0.2451171875 0.5791015625 0.095703125 0.04296875
1 0.416015625 0.486328125 0.12890625 0.1640625
1 0.701171875 0.564453125 0.28515625 0.134765625
1 0.8486328125 0.66015625 0.140625 0.08203125
1 0.8720703125 0.474609375 0.10546875 0.09375
1 0.9365234375 0.357421875 0.125 0.080078125
1 0.8232421875 0.4326171875 0.064453125 0.060546875
1 0.263671875 0.751953125 0.1171875 0.048828125
1 0.3564453125 0.54296875 0.08984375 0.091796875
1 0.7333984375 0.470703125 0.12109375 0.10546875
1 0.8271484375 0.2900390625 0.123046875 0.09765625
1 0.73046875 0.3046875 0.0703125 0.056640625
1 0.6513671875 0.4208984375 0.12109375 0.095703125
1 0.5634765625 0.41796875 0.064453125 0.09375
1 0.599609375 0.33984375 0.07421875 0.0703125
1 0.669921875 0.6953125 0.0703125 0.068359375
1 0.5927734375 0.67578125 0.076171875 0.076171875
1 0.8916015625 0.818359375 0.09375 0.05078125
1 0.8876953125 0.896484375 0.08203125 0.041015625
1 0.5859375 0.8974609375 0.041015625 0.0546875
1 0.369140625 0.203125 0.16015625 0.078125
1 0.27734375 0.34765625 0.1171875 0.044921875
1 0.416015625 0.2685546875 0.1328125 0.0625
1 0.5107421875 0.185546875 0.08984375 0.09375
1 0.6015625 0.22265625 0.103515625 0.064453125
1 0.521484375 0.3359375 0.091796875 0.037109375
1 0.5244140625 0.412109375 0.07421875 0.095703125
1 0.8466796875 0.3583984375 0.0703125 0.04296875
1 0.7216796875 0.2119140625 0.115234375 0.091796875
1 0.83984375 0.197265625 0.0546875 0.037109375
1 0.5 0.1201171875 0.09375 0.05078125
1 0.203125 0.1318359375 0.068359375 0.060546875
1 0.1123046875 0.078125 0.125 0.052734375
1 0.1142578125 0.2607421875 0.072265625 0.083984375
1 0.390625 0.056640625 0.078125 0.0546875
1 0.3076171875 0.0849609375 0.099609375 0.048828125
1 0.9375 0.0859375 0.103515625 0.041015625
1 0.939453125 0.044921875 0.095703125 0.0703125