8 0.31640625 0.1923828125 0.0625 0.14453125
8 0.5498046875 0.26171875 0.234375 0.15625
8 0.7236328125 0.869140625 0.3046875 0.26171875
8 0.4052734375 0.7822265625 0.208984375 0.14453125
8 0.240234375 0.6162109375 0.33203125 0.380859375
8 0.64453125 0.646484375 0.259765625 0.109375
8 0.5546875 0.4140625 0.103515625 0.193359375
8 0.3388671875 0.3828125 0.0859375 0.17578125
8 0.1513671875 0.154296875 0.09375 0.185546875
8 0.3671875 0.2421875 0.03125 0.078125
8 0.3173828125 0.3486328125 0.04296875 0.0703125
8 0.396484375 0.392578125 0.05859375 0.1328125
8 0.451171875 0.103515625 0.248046875 0.123046875
8 0.41796875 0.3115234375 0.029296875 0.0625