5 0.5205078125 0.5703125 0.376953125 0.21875
5 0.615234375 0.6591796875 0.259765625 0.16796875
5 0.7509765625 0.7998046875 0.3125 0.12890625
5 0.6181640625 0.814453125 0.24609375 0.15625
5 0.341796875 0.7939453125 0.15625 0.310546875
5 0.2275390625 0.6865234375 0.28515625 0.111328125
5 0.154296875 0.73046875 0.2421875 0.140625
5 0.052734375 0.548828125 0.10546875 0.19921875
5 0.7998046875 0.244140625 0.21484375 0.12109375
5 0.7392578125 0.3564453125 0.171875 0.134765625
5 0.5869140625 0.173828125 0.20703125 0.12109375
5 0.69140625 0.052734375 0.1953125 0.10546875