8 0.578125 0.5029296875 0.07421875 0.123046875
8 0.517578125 0.3642578125 0.0859375 0.099609375
8 0.123046875 0.21875 0.15625 0.13671875
8 0.2314453125 0.1767578125 0.0546875 0.087890625
8 0.240234375 0.291015625 0.07421875 0.068359375
8 0.3466796875 0.1220703125 0.1015625 0.10546875
8 0.2763671875 0.3662109375 0.10546875 0.15234375
8 0.521484375 0.185546875 0.08203125 0.0625
8 0.46875 0.08984375 0.12890625 0.140625
8 0.3740234375 0.2998046875 0.0703125 0.064453125
8 0.73046875 0.392578125 0.10546875 0.078125
8 0.587890625 0.755859375 0.109375 0.12890625
8 0.833984375 0.572265625 0.21875 0.2265625
8 0.513671875 0.5703125 0.21484375 0.255859375
8 0.728515625 0.8388671875 0.302734375 0.26953125