8 0.537109375 0.10546875 0.09765625 0.09765625
8 0.162109375 0.3916015625 0.17578125 0.130859375
8 0.5615234375 0.4013671875 0.0703125 0.0703125
8 0.47265625 0.546875 0.0859375 0.078125
8 0.689453125 0.708984375 0.15234375 0.130859375
8 0.3125 0.0869140625 0.203125 0.07421875
8 0.5478515625 0.599609375 0.08203125 0.095703125
8 0.39453125 0.6904296875 0.1171875 0.1328125
8 0.2294921875 0.56640625 0.15625 0.0859375
8 0.3837890625 0.53125 0.08203125 0.078125
8 0.5537109375 0.4794921875 0.05859375 0.080078125
8 0.34375 0.259765625 0.15625 0.115234375
8 0.634765625 0.1484375 0.19921875 0.13671875
8 0.634765625 0.296875 0.16796875 0.107421875
8 0.1962890625 0.7451171875 0.14453125 0.13671875
8 0.1337890625 0.296875 0.16015625 0.1171875