8 0.7666015625 0.310546875 0.1796875 0.109375
8 0.494140625 0.2333984375 0.150390625 0.13671875
8 0.4345703125 0.6298828125 0.224609375 0.11328125
8 0.1533203125 0.4970703125 0.306640625 0.22265625
8 0.4677734375 0.4248046875 0.154296875 0.1640625
8 0.2900390625 0.427734375 0.25 0.15625
8 0.669921875 0.6357421875 0.130859375 0.14453125
8 0.416015625 0.548828125 0.203125 0.1171875
8 0.751953125 0.77734375 0.33984375 0.16796875
8 0.35546875 0.763671875 0.302734375 0.13671875
8 0.646484375 0.0478515625 0.1875 0.095703125
8 0.33984375 0.1650390625 0.158203125 0.20703125
8 0.4638671875 0.1435546875 0.0859375 0.08203125
8 0.8642578125 0.1298828125 0.1640625 0.08984375