2 0.767578125 0.8974609375 0.435546875 0.14453125
2 0.279296875 0.9052734375 0.421875 0.1875
2 0.1044921875 0.234375 0.1875 0.109375
2 0.52734375 0.0791015625 0.5234375 0.158203125
2 0.4482421875 0.2763671875 0.263671875 0.2578125
2 0.7685546875 0.55859375 0.23828125 0.36328125
2 0.4033203125 0.5234375 0.34375 0.359375
1 0.5673828125 0.638671875 0.15234375 0.20703125
1 0.484375 0.8525390625 0.158203125 0.134765625
2 0.1796875 0.0458984375 0.359375 0.091796875
1 0.220703125 0.31640625 0.123046875 0.1796875
1 0.35546875 0.748046875 0.1015625 0.08203125