2 0.4228515625 0.5087890625 0.2265625 0.2265625
2 0.5693359375 0.1044921875 0.14453125 0.208984375
2 0.287109375 0.76171875 0.427734375 0.185546875
2 0.2939453125 0.607421875 0.50390625 0.203125
2 0.158203125 0.240234375 0.30078125 0.25390625
2 0.765625 0.099609375 0.29296875 0.173828125
2 0.744140625 0.3134765625 0.3125 0.201171875
2 0.4638671875 0.3525390625 0.26953125 0.208984375
2 0.8125 0.55078125 0.373046875 0.234375
2 0.6826171875 0.6591796875 0.25 0.21875
2 0.677734375 0.81640625 0.4140625 0.20703125
2 0.4248046875 0.9228515625 0.498046875 0.1484375