2 0.2958984375 0.341796875 0.171875 0.1796875
2 0.173828125 0.5283203125 0.15625 0.11328125
2 0.2744140625 0.6015625 0.396484375 0.12109375
2 0.3125 0.62890625 0.20703125 0.1015625
2 0.72265625 0.205078125 0.123046875 0.1484375
2 0.6298828125 0.12109375 0.126953125 0.1328125
2 0.2763671875 0.130859375 0.3359375 0.1328125
2 0.5830078125 0.4609375 0.1796875 0.22265625
2 0.275390625 0.7958984375 0.1328125 0.11328125
2 0.10546875 0.7001953125 0.166015625 0.08984375
2 0.0595703125 0.802734375 0.1171875 0.162109375