2 0.7041015625 0.658203125 0.171875 0.1796875
2 0.826171875 0.4716796875 0.15625 0.11328125
2 0.7255859375 0.3984375 0.396484375 0.12109375
2 0.6875 0.37109375 0.20703125 0.1015625
2 0.27734375 0.794921875 0.123046875 0.150390625
2 0.3701171875 0.87890625 0.126953125 0.1328125
2 0.7236328125 0.869140625 0.3359375 0.134765625
2 0.4169921875 0.5390625 0.1796875 0.22265625
2 0.724609375 0.2041015625 0.1328125 0.11328125
2 0.89453125 0.2998046875 0.166015625 0.08984375
2 0.9404296875 0.197265625 0.1171875 0.16015625