8 0.646484375 0.3974609375 0.12109375 0.125
8 0.62109375 0.12109375 0.12109375 0.1328125
8 0.4736328125 0.3642578125 0.1640625 0.125
8 0.2939453125 0.10546875 0.138671875 0.0859375
8 0.4189453125 0.078125 0.146484375 0.12890625
8 0.2529296875 0.216796875 0.19140625 0.12109375
8 0.2919921875 0.3701171875 0.16796875 0.13671875
8 0.111328125 0.41015625 0.19140625 0.12890625
8 0.552734375 0.8837890625 0.17578125 0.087890625
8 0.7724609375 0.9150390625 0.181640625 0.080078125
8 0.884765625 0.7861328125 0.16015625 0.087890625
8 0.7578125 0.6494140625 0.3125 0.16796875
8 0.810546875 0.1044921875 0.146484375 0.1171875
8 0.896484375 0.1787109375 0.1875 0.1015625
8 0.8134765625 0.2431640625 0.111328125 0.09765625
8 0.2724609375 0.49609375 0.140625 0.09765625