7 0.2861328125 0.2998046875 0.16015625 0.208984375
7 0.49609375 0.2666015625 0.26953125 0.19140625
7 0.8916015625 0.208984375 0.21484375 0.203125
7 0.4580078125 0.771484375 0.29296875 0.33984375
7 0.384765625 0.6357421875 0.23046875 0.07421875
7 0.728515625 0.623046875 0.14453125 0.1875
7 0.8916015625 0.7783203125 0.21484375 0.384765625
7 0.6796875 0.416015625 0.130859375 0.15625
7 0.427734375 0.5556640625 0.1796875 0.06640625
7 0.48046875 0.48046875 0.173828125 0.1015625
7 0.8193359375 0.5244140625 0.251953125 0.115234375
7 0.1396484375 0.669921875 0.203125 0.126953125