8 0.1982421875 0.4521484375 0.27734375 0.10546875
8 0.4072265625 0.517578125 0.09375 0.126953125
8 0.884765625 0.29296875 0.12890625 0.15234375
8 0.3515625 0.19921875 0.15625 0.0625
8 0.1923828125 0.623046875 0.20703125 0.16796875
8 0.4140625 0.3798828125 0.11328125 0.11328125
8 0.609375 0.21484375 0.1484375 0.080078125
8 0.94921875 0.5107421875 0.1015625 0.16015625
8 0.8779296875 0.7724609375 0.1171875 0.052734375
8 0.8779296875 0.873046875 0.1328125 0.12109375
8 0.6513671875 0.8876953125 0.326171875 0.208984375
8 0.7021484375 0.359375 0.095703125 0.11328125
8 0.125 0.3125 0.234375 0.19921875
8 0.1083984375 0.85546875 0.21484375 0.103515625
8 0.3369140625 0.599609375 0.171875 0.12890625
8 0.525390625 0.853515625 0.09765625 0.08203125
8 0.5546875 0.0791015625 0.1796875 0.158203125
8 0.193359375 0.130859375 0.1328125 0.08984375
8 0.0751953125 0.0400390625 0.150390625 0.078125
8 0.3818359375 0.072265625 0.126953125 0.09375
8 0.736328125 0.71875 0.1484375 0.0859375
8 0.1416015625 0.958984375 0.1953125 0.08203125