8 0.3955078125 0.5009765625 0.125 0.18359375
8 0.591796875 0.5634765625 0.12109375 0.044921875
8 0.4140625 0.3056640625 0.09375 0.0625
8 0.4931640625 0.359375 0.09765625 0.048828125
8 0.3662109375 0.3232421875 0.072265625 0.09765625
8 0.2353515625 0.392578125 0.091796875 0.08203125
8 0.287109375 0.50390625 0.09375 0.173828125
8 0.5087890625 0.16015625 0.109375 0.12890625
8 0.5556640625 0.240234375 0.08984375 0.033203125
8 0.5234375 0.4794921875 0.1484375 0.052734375
8 0.5908203125 0.4404296875 0.11328125 0.05078125
8 0.55078125 0.65234375 0.1640625 0.103515625
8 0.6953125 0.404296875 0.068359375 0.060546875
8 0.7236328125 0.58984375 0.103515625 0.1015625
8 0.755859375 0.486328125 0.14453125 0.0625
8 0.6259765625 0.53125 0.060546875 0.03515625
8 0.697265625 0.5263671875 0.056640625 0.02734375
8 0.875 0.58203125 0.09375 0.05078125
8 0.787109375 0.666015625 0.111328125 0.220703125
8 0.6904296875 0.755859375 0.1875 0.23046875
8 0.822265625 0.787109375 0.21875 0.203125
8 0.7236328125 0.634765625 0.068359375 0.0390625
8 0.732421875 0.34765625 0.091796875 0.1171875