8 0.6591796875 0.4033203125 0.0859375 0.10546875
8 0.818359375 0.482421875 0.1015625 0.1015625
8 0.7314453125 0.3583984375 0.048828125 0.09765625
8 0.734375 0.21875 0.0703125 0.13671875
8 0.490234375 0.138671875 0.08203125 0.08203125
8 0.41015625 0.212890625 0.095703125 0.12109375
8 0.5439453125 0.919921875 0.08984375 0.140625
8 0.5654296875 0.8369140625 0.0546875 0.10546875
8 0.6181640625 0.6318359375 0.06640625 0.12890625
8 0.5927734375 0.5478515625 0.0703125 0.109375
8 0.5068359375 0.453125 0.06640625 0.12109375
8 0.8564453125 0.2705078125 0.041015625 0.09765625
8 0.7138671875 0.48828125 0.03515625 0.0625
8 0.4765625 0.2177734375 0.05078125 0.07421875
8 0.4912109375 0.3779296875 0.2265625 0.5546875