1 0.6748046875 0.697265625 0.24609375 0.08203125
1 0.6171875 0.630859375 0.13671875 0.078125
1 0.3896484375 0.76171875 0.17578125 0.130859375
1 0.5322265625 0.873046875 0.166015625 0.22265625
1 0.3017578125 0.685546875 0.16015625 0.146484375
1 0.435546875 0.5322265625 0.080078125 0.130859375
1 0.6064453125 0.3623046875 0.265625 0.1640625
1 0.41015625 0.3681640625 0.099609375 0.19140625
1 0.5224609375 0.1181640625 0.146484375 0.205078125
1 0.63671875 0.21875 0.25390625 0.1171875
1 0.361328125 0.2666015625 0.22265625 0.0546875
1 0.36328125 0.3447265625 0.20703125 0.078125
1 0.87890625 0.423828125 0.091796875 0.1328125
1 0.876953125 0.5458984375 0.0859375 0.07421875
1 0.93359375 0.46875 0.095703125 0.06640625