0 0.1875 0.638671875 0.18359375 0.29296875
0 0.2802734375 0.24609375 0.171875 0.28515625
0 0.1396484375 0.1650390625 0.17578125 0.2578125
0 0.505859375 0.1044921875 0.4375 0.171875
0 0.6455078125 0.275390625 0.41015625 0.16015625
0 0.513671875 0.4560546875 0.42578125 0.18359375
0 0.10546875 0.8515625 0.203125 0.291015625
0 0.396484375 0.8916015625 0.359375 0.119140625
0 0.7353515625 0.923828125 0.29296875 0.083984375
0 0.76171875 0.8173828125 0.3359375 0.140625
0 0.6962890625 0.615234375 0.537109375 0.19921875
0 0.91796875 0.376953125 0.13671875 0.25
0 0.41796875 0.5869140625 0.28515625 0.087890625
0 0.375 0.6884765625 0.12890625 0.08203125
0 0.1337890625 0.4130859375 0.265625 0.259765625
0 0.8671875 0.13671875 0.169921875 0.23046875
0 0.7548828125 0.1767578125 0.10546875 0.087890625
0 0.537109375 0.76171875 0.466796875 0.201171875
0 0.75390625 0.376953125 0.12109375 0.130859375