1 0.37109375 0.619140625 0.1953125 0.3203125
1 0.1845703125 0.7685546875 0.267578125 0.15234375
1 0.26953125 0.8603515625 0.185546875 0.091796875
1 0.400390625 0.8193359375 0.13671875 0.12109375
1 0.568359375 0.71875 0.10546875 0.13671875
1 0.5849609375 0.591796875 0.07421875 0.15234375
1 0.716796875 0.568359375 0.1953125 0.240234375
1 0.70703125 0.8115234375 0.21484375 0.27734375
1 0.7060546875 0.099609375 0.15625 0.09375
1 0.79296875 0.162109375 0.10546875 0.126953125
1 0.771484375 0.2880859375 0.205078125 0.2421875
1 0.54296875 0.19921875 0.328125 0.173828125
1 0.326171875 0.2734375 0.0859375 0.14453125
1 0.306640625 0.4091796875 0.1328125 0.15625
1 0.185546875 0.4384765625 0.173828125 0.2421875
1 0.169921875 0.1982421875 0.232421875 0.24609375