8 0.4951171875 0.236328125 0.18359375 0.08203125
8 0.33203125 0.5859375 0.12890625 0.1015625
8 0.37890625 0.6337890625 0.0859375 0.14453125
8 0.6298828125 0.6513671875 0.109375 0.103515625
8 0.6103515625 0.7333984375 0.150390625 0.13671875
8 0.5087890625 0.576171875 0.15234375 0.14453125
8 0.732421875 0.5400390625 0.1484375 0.109375
8 0.7666015625 0.380859375 0.19140625 0.115234375
8 0.8134765625 0.890625 0.19921875 0.14453125
8 0.3203125 0.6982421875 0.1171875 0.087890625
8 0.3564453125 0.2919921875 0.09375 0.0625
8 0.380859375 0.3759765625 0.119140625 0.11328125