0 0.8125 0.361328125 0.18359375 0.29296875
0 0.7197265625 0.75390625 0.171875 0.28515625
0 0.8603515625 0.8349609375 0.17578125 0.2578125
0 0.494140625 0.8955078125 0.4375 0.171875
0 0.3544921875 0.724609375 0.41015625 0.16015625
0 0.486328125 0.5439453125 0.42578125 0.18359375
0 0.89453125 0.1484375 0.203125 0.2890625
0 0.603515625 0.1083984375 0.359375 0.1171875
0 0.2646484375 0.076171875 0.29296875 0.083984375
0 0.23828125 0.1826171875 0.3359375 0.140625
0 0.3037109375 0.384765625 0.537109375 0.19921875
0 0.08203125 0.623046875 0.13671875 0.25
0 0.58203125 0.4130859375 0.28515625 0.087890625
0 0.625 0.3115234375 0.12890625 0.08203125
0 0.8662109375 0.5869140625 0.265625 0.259765625
0 0.1328125 0.86328125 0.169921875 0.228515625
0 0.2451171875 0.8232421875 0.10546875 0.087890625
0 0.462890625 0.23828125 0.466796875 0.201171875
0 0.24609375 0.623046875 0.12109375 0.130859375