6 0.1533203125 0.6748046875 0.3046875 0.19140625
6 0.4052734375 0.865234375 0.240234375 0.203125
6 0.7666015625 0.80078125 0.322265625 0.166015625
6 0.6826171875 0.62109375 0.2890625 0.177734375
6 0.517578125 0.4931640625 0.33203125 0.13671875
6 0.2568359375 0.3857421875 0.2578125 0.22265625
6 0.857421875 0.45703125 0.28515625 0.33203125
6 0.927734375 0.21484375 0.10546875 0.0625
6 0.8056640625 0.078125 0.255859375 0.15625
6 0.3681640625 0.05859375 0.4765625 0.1171875
6 0.36328125 0.6884765625 0.12109375 0.08203125
6 0.5634765625 0.87109375 0.23828125 0.140625