5 0.9013671875 0.51953125 0.197265625 0.20703125
1 0.1787109375 0.517578125 0.20703125 0.083984375
5 0.2197265625 0.109375 0.267578125 0.20703125
5 0.462890625 0.1474609375 0.25390625 0.1484375
5 0.8056640625 0.3037109375 0.25390625 0.169921875
5 0.748046875 0.787109375 0.23828125 0.328125
1 0.849609375 0.708984375 0.09375 0.103515625
5 0.20703125 0.8701171875 0.12890625 0.171875
5 0.275390625 0.6796875 0.19921875 0.19140625
1 0.412109375 0.5185546875 0.24609375 0.091796875
5 0.43359375 0.3271484375 0.275390625 0.1171875
5 0.68359375 0.24609375 0.275390625 0.15234375
5 0.6181640625 0.4443359375 0.2265625 0.251953125
5 0.4521484375 0.705078125 0.232421875 0.267578125