1 0.19921875 0.8037109375 0.15234375 0.3203125
1 0.642578125 0.8427734375 0.228515625 0.232421875
1 0.453125 0.7255859375 0.13671875 0.0859375
1 0.4130859375 0.5908203125 0.1171875 0.0703125
1 0.6142578125 0.6767578125 0.138671875 0.06640625
1 0.595703125 0.525390625 0.0546875 0.08984375
1 0.26171875 0.5361328125 0.078125 0.0859375
1 0.12890625 0.3505859375 0.16796875 0.27734375
1 0.234375 0.3896484375 0.06640625 0.091796875
1 0.4599609375 0.4326171875 0.11328125 0.09375
1 0.44921875 0.2265625 0.2734375 0.30859375
1 0.8017578125 0.4443359375 0.224609375 0.35546875
1 0.6953125 0.28125 0.078125 0.11328125
1 0.8154296875 0.1962890625 0.13671875 0.1015625
1 0.681640625 0.0908203125 0.0625 0.1015625