8 0.8720703125 0.224609375 0.18359375 0.17578125
8 0.3291015625 0.3310546875 0.080078125 0.0625
8 0.3681640625 0.3642578125 0.080078125 0.08984375
8 0.1650390625 0.373046875 0.1484375 0.306640625
8 0.646484375 0.873046875 0.630859375 0.25390625
8 0.5087890625 0.7255859375 0.232421875 0.19921875
8 0.4521484375 0.5068359375 0.150390625 0.09375
8 0.4072265625 0.59375 0.16015625 0.11328125
8 0.66796875 0.50390625 0.228515625 0.1484375
8 0.6298828125 0.267578125 0.1171875 0.19140625
8 0.720703125 0.14453125 0.142578125 0.2890625
8 0.80859375 0.34375 0.216796875 0.1640625
8 0.94921875 0.7236328125 0.1015625 0.169921875
8 0.822265625 0.7412109375 0.109375 0.080078125
8 0.6015625 0.3994140625 0.068359375 0.078125
8 0.5517578125 0.373046875 0.07421875 0.06640625
8 0.51953125 0.591796875 0.125 0.15625
8 0.1328125 0.5400390625 0.08984375 0.1015625
8 0.224609375 0.556640625 0.11328125 0.087890625
8 0.09765625 0.62109375 0.09375 0.1015625
8 0.0576171875 0.4736328125 0.115234375 0.201171875
8 0.1943359375 0.8056640625 0.19140625 0.3828125
8 0.2373046875 0.443359375 0.056640625 0.09375
8 0.28515625 0.4638671875 0.083984375 0.083984375
8 0.3388671875 0.548828125 0.109375 0.09765625
8 0.5126953125 0.2939453125 0.1171875 0.0625
8 0.470703125 0.3701171875 0.09765625 0.04296875
8 0.5517578125 0.4619140625 0.08203125 0.08203125