8 0.1513671875 0.2197265625 0.115234375 0.1640625
8 0.46875 0.3203125 0.1796875 0.1796875
8 0.4580078125 0.4248046875 0.14453125 0.125
8 0.1982421875 0.8994140625 0.140625 0.078125
8 0.181640625 0.787109375 0.12890625 0.0859375
8 0.216796875 0.40625 0.140625 0.1171875
8 0.5615234375 0.6494140625 0.21875 0.23046875
8 0.6279296875 0.2060546875 0.2109375 0.27734375
8 0.82421875 0.3115234375 0.3515625 0.263671875
8 0.6435546875 0.49609375 0.16796875 0.1953125
8 0.4521484375 0.1416015625 0.142578125 0.171875
8 0.75390625 0.5869140625 0.26953125 0.146484375
8 0.8896484375 0.1259765625 0.220703125 0.193359375
8 0.048828125 0.9375 0.09765625 0.06640625
8 0.0712890625 0.853515625 0.072265625 0.0546875
8 0.0888671875 0.6142578125 0.08203125 0.080078125
8 0.197265625 0.6591796875 0.15625 0.08984375
8 0.4658203125 0.966796875 0.109375 0.06640625
8 0.5205078125 0.92578125 0.138671875 0.12890625
8 0.701171875 0.7392578125 0.16796875 0.1640625
8 0.294921875 0.310546875 0.14453125 0.080078125
8 0.2060546875 0.1796875 0.11328125 0.09765625
8 0.072265625 0.4345703125 0.14453125 0.162109375