8 0.2861328125 0.6533203125 0.119140625 0.060546875
8 0.583984375 0.8330078125 0.140625 0.119140625
8 0.4931640625 0.724609375 0.12109375 0.1328125
8 0.28515625 0.435546875 0.08984375 0.07421875
8 0.3671875 0.49609375 0.10546875 0.091796875
8 0.3974609375 0.529296875 0.11328125 0.0625
8 0.462890625 0.4091796875 0.08203125 0.05078125
8 0.55859375 0.4306640625 0.1171875 0.126953125
8 0.38671875 0.2587890625 0.162109375 0.08203125
8 0.419921875 0.173828125 0.119140625 0.09375
8 0.5087890625 0.1376953125 0.125 0.14453125
8 0.28515625 0.701171875 0.09765625 0.060546875
8 0.3798828125 0.68359375 0.138671875 0.0625
8 0.4013671875 0.7958984375 0.10546875 0.109375
8 0.7275390625 0.2041015625 0.166015625 0.1484375
8 0.64453125 0.5380859375 0.076171875 0.06640625
8 0.111328125 0.388671875 0.14453125 0.091796875
8 0.7109375 0.77734375 0.064453125 0.060546875
8 0.224609375 0.2587890625 0.048828125 0.0859375