8 0.7138671875 0.3466796875 0.119140625 0.060546875
8 0.416015625 0.1669921875 0.140625 0.119140625
8 0.5068359375 0.275390625 0.12109375 0.1328125
8 0.71484375 0.564453125 0.08984375 0.07421875
8 0.6328125 0.50390625 0.10546875 0.091796875
8 0.6025390625 0.470703125 0.11328125 0.0625
8 0.537109375 0.5908203125 0.08203125 0.05078125
8 0.44140625 0.5693359375 0.1171875 0.126953125
8 0.61328125 0.7412109375 0.162109375 0.08203125
8 0.580078125 0.826171875 0.119140625 0.09375
8 0.4912109375 0.8623046875 0.125 0.14453125
8 0.71484375 0.298828125 0.09765625 0.060546875
8 0.6201171875 0.31640625 0.138671875 0.0625
8 0.5986328125 0.2041015625 0.10546875 0.109375
8 0.2724609375 0.7958984375 0.166015625 0.1484375
8 0.35546875 0.4619140625 0.076171875 0.06640625
8 0.888671875 0.611328125 0.14453125 0.091796875
8 0.2890625 0.22265625 0.064453125 0.05859375
8 0.775390625 0.7412109375 0.048828125 0.083984375