8 0.896484375 0.166015625 0.20703125 0.08984375
8 0.91015625 0.404296875 0.09765625 0.07421875
8 0.7275390625 0.498046875 0.123046875 0.1015625
8 0.0810546875 0.44921875 0.0703125 0.05859375
8 0.1240234375 0.515625 0.06640625 0.046875
8 0.2373046875 0.4638671875 0.05859375 0.06640625
8 0.2080078125 0.5556640625 0.05859375 0.087890625
8 0.220703125 0.2568359375 0.0859375 0.068359375
8 0.4443359375 0.4453125 0.11328125 0.1171875
8 0.6240234375 0.2197265625 0.095703125 0.060546875
8 0.4111328125 0.20703125 0.08203125 0.076171875
8 0.35546875 0.22265625 0.05859375 0.056640625
8 0.390625 0.892578125 0.12109375 0.060546875
8 0.8203125 0.712890625 0.1171875 0.15234375
8 0.9150390625 0.8125 0.169921875 0.08203125
8 0.6904296875 0.7685546875 0.134765625 0.07421875
8 0.66015625 0.521484375 0.12890625 0.064453125
8 0.5458984375 0.603515625 0.0859375 0.09375
8 0.49609375 0.5126953125 0.08203125 0.083984375
8 0.0986328125 0.7060546875 0.08984375 0.0546875
8 0.2314453125 0.69921875 0.115234375 0.0703125
8 0.1728515625 0.7958984375 0.1015625 0.05078125
8 0.2509765625 0.8564453125 0.15625 0.060546875
8 0.53515625 0.6884765625 0.0859375 0.0390625
8 0.427734375 0.8525390625 0.0859375 0.03515625
8 0.4853515625 0.9306640625 0.078125 0.138671875
8 0.1083984375 0.7626953125 0.07421875 0.029296875
8 0.1728515625 0.75390625 0.04296875 0.03515625
8 0.4462890625 0.779296875 0.046875 0.0234375
8 0.3427734375 0.572265625 0.07421875 0.05859375
8 0.41796875 0.3056640625 0.06640625 0.07421875
8 0.552734375 0.259765625 0.06640625 0.046875
8 0.4951171875 0.2041015625 0.0390625 0.0390625
8 0.5263671875 0.17578125 0.0703125 0.0546875
8 0.349609375 0.29296875 0.07421875 0.03515625
8 0.2841796875 0.271484375 0.037109375 0.04296875
8 0.7236328125 0.3154296875 0.04296875 0.04296875
8 0.7958984375 0.2548828125 0.072265625 0.03125
8 0.69921875 0.5673828125 0.07421875 0.05859375
8 0.556640625 0.517578125 0.0390625 0.03125
8 0.47265625 0.6328125 0.05078125 0.04296875
8 0.9404296875 0.9296875 0.080078125 0.05078125
8 0.09765625 0.8076171875 0.052734375 0.05078125
8 0.126953125 0.84765625 0.04296875 0.03125
8 0.1767578125 0.6708984375 0.0546875 0.05859375
8 0.0654296875 0.560546875 0.07421875 0.05078125
8 0.265625 0.3095703125 0.046875 0.037109375
8 0.166015625 0.2568359375 0.033203125 0.03515625
8 0.056640625 0.2314453125 0.07421875 0.025390625
8 0.6494140625 0.451171875 0.16796875 0.11328125
8 0.7548828125 0.3671875 0.05859375 0.02734375
8 0.9150390625 0.3466796875 0.04296875 0.03515625
8 0.58203125 0.3564453125 0.06640625 0.091796875
8 0.1123046875 0.1640625 0.0703125 0.1328125
8 0.9130859375 0.3017578125 0.041015625 0.04296875