1 0.560546875 0.7509765625 0.19921875 0.287109375
1 0.626953125 0.544921875 0.26953125 0.13671875
1 0.20703125 0.427734375 0.263671875 0.126953125
1 0.1796875 0.24609375 0.23828125 0.150390625
1 0.283203125 0.1181640625 0.16796875 0.107421875
1 0.3671875 0.51953125 0.1171875 0.078125
1 0.638671875 0.1796875 0.359375 0.20703125
1 0.58203125 0.3837890625 0.3046875 0.251953125
1 0.3017578125 0.302734375 0.13671875 0.083984375
1 0.384765625 0.4482421875 0.0703125 0.0625
1 0.8388671875 0.279296875 0.322265625 0.275390625