1 0.50390625 0.845703125 0.20703125 0.30859375
1 0.662109375 0.6708984375 0.30078125 0.1640625
1 0.310546875 0.6337890625 0.26171875 0.126953125
1 0.8037109375 0.041015625 0.2734375 0.08203125
1 0.83203125 0.2666015625 0.1875 0.16796875
1 0.271484375 0.3623046875 0.3125 0.24609375
1 0.5732421875 0.50390625 0.12890625 0.05859375
1 0.3896484375 0.5068359375 0.15234375 0.076171875
1 0.6259765625 0.28515625 0.177734375 0.0703125
1 0.4130859375 0.23046875 0.15625 0.1171875
1 0.66796875 0.1328125 0.080078125 0.099609375