1 0.2744140625 0.630859375 0.2578125 0.21875
1 0.4287109375 0.4033203125 0.140625 0.265625
1 0.5849609375 0.3037109375 0.1796875 0.3125
1 0.4580078125 0.6845703125 0.115234375 0.25
1 0.521484375 0.611328125 0.08984375 0.13671875
1 0.8603515625 0.6796875 0.10546875 0.25390625
1 0.833984375 0.1923828125 0.138671875 0.203125
1 0.693359375 0.3984375 0.07421875 0.134765625
1 0.921875 0.2900390625 0.07421875 0.173828125
1 0.7861328125 0.5625 0.1171875 0.078125
1 0.6337890625 0.7900390625 0.138671875 0.267578125
1 0.66796875 0.958984375 0.109375 0.08203125
1 0.55078125 0.9140625 0.12109375 0.095703125
1 0.9453125 0.9033203125 0.109375 0.08984375
1 0.927734375 0.7578125 0.138671875 0.212890625