1 0.1396484375 0.7158203125 0.279296875 0.224609375
1 0.2607421875 0.46484375 0.25 0.25390625
1 0.55078125 0.29296875 0.232421875 0.3515625
1 0.4658203125 0.4521484375 0.09375 0.185546875
1 0.8193359375 0.30078125 0.35546875 0.314453125
1 0.728515625 0.7724609375 0.19140625 0.275390625
1 0.48828125 0.74609375 0.234375 0.3046875
1 0.306640625 0.736328125 0.17578125 0.224609375
1 0.884765625 0.6357421875 0.14453125 0.158203125
1 0.7744140625 0.4384765625 0.09375 0.162109375
1 0.423828125 0.6572265625 0.0859375 0.177734375
1 0.646484375 0.6318359375 0.087890625 0.1484375