1 0.4228515625 0.681640625 0.1640625 0.224609375
1 0.421875 0.380859375 0.138671875 0.328125
1 0.591796875 0.765625 0.181640625 0.28125
1 0.1962890625 0.4775390625 0.212890625 0.375
1 0.7822265625 0.26953125 0.16015625 0.353515625
1 0.9296875 0.7216796875 0.11328125 0.150390625
1 0.916015625 0.412109375 0.0859375 0.13671875
1 0.8671875 0.505859375 0.0859375 0.05859375
1 0.8046875 0.5234375 0.11328125 0.125
1 0.3212890625 0.51953125 0.076171875 0.1171875
1 0.341796875 0.6435546875 0.072265625 0.109375
1 0.587890625 0.6083984375 0.083984375 0.1015625