4 0.333984375 0.1630859375 0.216796875 0.326171875
4 0.603515625 0.625 0.19921875 0.54296875
4 0.5576171875 0.107421875 0.162109375 0.21484375
4 0.23046875 0.830078125 0.236328125 0.33984375
4 0.7724609375 0.0712890625 0.15234375 0.142578125
4 0.92578125 0.1630859375 0.1484375 0.1796875
4 0.2587890625 0.1787109375 0.1171875 0.2421875
4 0.1826171875 0.345703125 0.11328125 0.2109375
4 0.1083984375 0.400390625 0.216796875 0.326171875
4 0.7197265625 0.2529296875 0.185546875 0.392578125
4 0.890625 0.3505859375 0.16015625 0.294921875
4 0.923828125 0.515625 0.15234375 0.421875
4 0.4462890625 0.50390625 0.09375 0.12109375
4 0.302734375 0.3681640625 0.07421875 0.13671875