4 0.826171875 0.478515625 0.15625 0.17578125
4 0.953125 0.37890625 0.09375 0.1875
4 0.86328125 0.283203125 0.1328125 0.13671875
4 0.5439453125 0.3681640625 0.095703125 0.099609375
4 0.5302734375 0.5634765625 0.126953125 0.171875
4 0.3515625 0.6630859375 0.1953125 0.1484375
4 0.4580078125 0.837890625 0.25390625 0.19140625
4 0.7568359375 0.693359375 0.14453125 0.11328125
4 0.0908203125 0.7216796875 0.181640625 0.232421875
4 0.203125 0.47265625 0.099609375 0.08984375
4 0.0478515625 0.439453125 0.0859375 0.12109375
4 0.1787109375 0.083984375 0.27734375 0.1015625
4 0.4345703125 0.28515625 0.115234375 0.140625
4 0.0615234375 0.568359375 0.080078125 0.0859375
4 0.1630859375 0.5185546875 0.15234375 0.12890625
4 0.2744140625 0.3095703125 0.189453125 0.125
4 0.3671875 0.4970703125 0.19140625 0.185546875
4 0.6162109375 0.486328125 0.072265625 0.0859375
4 0.9560546875 0.5498046875 0.0859375 0.126953125
4 0.5751953125 0.78125 0.0859375 0.09375