4 0.84375 0.650390625 0.3125 0.3203125
4 0.5859375 0.275390625 0.169921875 0.18359375
4 0.2041015625 0.3984375 0.189453125 0.15234375
4 0.1845703125 0.5126953125 0.181640625 0.1328125
4 0.23828125 0.7265625 0.203125 0.171875
4 0.5087890625 0.8466796875 0.177734375 0.16015625
4 0.6845703125 0.7197265625 0.146484375 0.19140625
4 0.708984375 0.4189453125 0.142578125 0.09765625
4 0.3564453125 0.265625 0.1953125 0.1015625
4 0.2919921875 0.5703125 0.28125 0.17578125
4 0.5927734375 0.5712890625 0.171875 0.18359375