4 0.46484375 0.306640625 0.162109375 0.177734375
4 0.2109375 0.203125 0.13671875 0.15234375
4 0.2109375 0.076171875 0.16796875 0.103515625
4 0.66015625 0.400390625 0.20703125 0.236328125
4 0.5888671875 0.1953125 0.14453125 0.17578125
4 0.7763671875 0.52734375 0.28125 0.29296875
4 0.4931640625 0.6533203125 0.23046875 0.3125
4 0.31640625 0.568359375 0.1484375 0.134765625
4 0.126953125 0.888671875 0.25390625 0.185546875
4 0.2724609375 0.427734375 0.26953125 0.1171875
4 0.30859375 0.2939453125 0.203125 0.10546875