4 0.7275390625 0.19140625 0.33984375 0.248046875
4 0.603515625 0.8125 0.19921875 0.271484375
4 0.556640625 0.5341796875 0.1640625 0.14453125
4 0.23046875 0.9150390625 0.236328125 0.169921875
4 0.08203125 0.427734375 0.1640625 0.171875
4 0.3564453125 0.3134765625 0.166015625 0.125
4 0.771484375 0.50390625 0.15234375 0.13671875
4 0.92578125 0.58203125 0.1484375 0.08984375
4 0.3330078125 0.544921875 0.216796875 0.23828125
4 0.259765625 0.5888671875 0.1171875 0.12109375
4 0.1826171875 0.6728515625 0.11328125 0.10546875
4 0.1083984375 0.701171875 0.21484375 0.1640625
4 0.7197265625 0.6259765625 0.185546875 0.1953125
4 0.923828125 0.7685546875 0.15234375 0.1875