4 0.21875 0.13671875 0.125 0.271484375
4 0.720703125 0.125 0.197265625 0.20703125
4 0.294921875 0.2275390625 0.072265625 0.080078125
4 0.3681640625 0.2470703125 0.091796875 0.087890625
4 0.462890625 0.2099609375 0.140625 0.15625
4 0.498046875 0.3681640625 0.119140625 0.12890625
4 0.2470703125 0.3916015625 0.125 0.16796875
4 0.19921875 0.517578125 0.16015625 0.134765625
4 0.40234375 0.5166015625 0.134765625 0.126953125
4 0.3798828125 0.373046875 0.10546875 0.142578125
4 0.310546875 0.6435546875 0.17578125 0.13671875
4 0.3046875 0.8984375 0.13671875 0.146484375
4 0.4736328125 0.7216796875 0.056640625 0.111328125