4 0.1533203125 0.806640625 0.24609375 0.2421875
4 0.916015625 0.3564453125 0.14453125 0.16015625
4 0.21484375 0.5205078125 0.23828125 0.1953125
4 0.3388671875 0.25390625 0.17578125 0.19921875
4 0.25390625 0.6689453125 0.201171875 0.12890625
4 0.4462890625 0.67578125 0.236328125 0.1484375
4 0.4443359375 0.55078125 0.26171875 0.21484375
4 0.431640625 0.3798828125 0.20703125 0.076171875
4 0.4736328125 0.1982421875 0.203125 0.1484375
4 0.5673828125 0.79296875 0.30859375 0.265625
4 0.77734375 0.6162109375 0.4453125 0.18359375
4 0.91015625 0.4716796875 0.12890625 0.125
4 0.81640625 0.23046875 0.2578125 0.251953125