4 0.8798828125 0.2109375 0.23828125 0.25
4 0.4052734375 0.8671875 0.119140625 0.119140625
4 0.9423828125 0.712890625 0.115234375 0.30078125
4 0.826171875 0.697265625 0.19921875 0.49609375
4 0.5029296875 0.6611328125 0.078125 0.205078125
4 0.44140625 0.7490234375 0.103515625 0.123046875
4 0.2841796875 0.6650390625 0.068359375 0.189453125
4 0.30859375 0.4833984375 0.12109375 0.16796875
4 0.451171875 0.482421875 0.10546875 0.234375
4 0.7509765625 0.392578125 0.16796875 0.30078125
4 0.5771484375 0.3837890625 0.1328125 0.185546875
4 0.5185546875 0.2421875 0.14453125 0.333984375