8 0.6787109375 0.42578125 0.0703125 0.0859375
8 0.2314453125 0.4736328125 0.12890625 0.046875
8 0.3955078125 0.65234375 0.072265625 0.12109375
8 0.3134765625 0.6162109375 0.0703125 0.09765625
8 0.765625 0.400390625 0.09765625 0.0703125
8 0.2919921875 0.201171875 0.1640625 0.09375
8 0.41796875 0.0556640625 0.14453125 0.07421875
8 0.5244140625 0.4443359375 0.09765625 0.154296875
8 0.404296875 0.90234375 0.201171875 0.07421875
8 0.775390625 0.2734375 0.0859375 0.08984375
8 0.4501953125 0.9697265625 0.154296875 0.05859375
8 0.3955078125 0.271484375 0.109375 0.052734375
8 0.5263671875 0.267578125 0.083984375 0.056640625
8 0.5078125 0.1865234375 0.12890625 0.0703125
8 0.4248046875 0.1357421875 0.0625 0.056640625
8 0.3662109375 0.3408203125 0.11328125 0.0625
8 0.580078125 0.2919921875 0.1015625 0.06640625
8 0.6376953125 0.626953125 0.1171875 0.05078125
8 0.47265625 0.3642578125 0.1171875 0.060546875
8 0.7607421875 0.6376953125 0.09765625 0.07421875